0 1890 2629 1193 2864 436 1814 672 1599 773 1069 1932 2564 2566 1257 1413 1363 1451 1009 1614 1185 1644 1266 1482 1393 1819 1621 740 2381 2226
2091 0 1855 2502 1252 2359 1407 1794 1450 2712 2615 1908 1278 1990 2839 3036 2542 3116 2397 1613 2578 3267 2251 3144 1015 2760 1973 1575 1842 1328
2561 2009 0 3557 1308 2808 1011 2834 1018 2935 2612 793 1674 564 2672 3546 2342 3405 3334 1071 2584 3932 1961 3373 1225 4019 1087 2183 408 812
1244 2403 3673 0 3485 1185 2777 1012 2526 1263 1765 2968 3441 3445 1897 817 2006 1306 674 2527 1643 873 2218 1327 2548 445 2946 1649 3334 3512
2867 1325 1212 3826 0 3149 1788 2717 1586 3334 3103 1831 588 902 3025 3814 3187 3927 3391 1723 3313 3900 2687 3699 1369 3846 1935 2137 1182 793
458 2293 2686 1079 3090 0 2118 834 2036 784 1215 2206 3251 2993 1231 1249 1356 1011 749 2132 983 1324 1213 1174 1854 1438 1922 1149 2682 2841
1499 1493 946 2831 1568 2036 0 1772 313 2345 1680 420 1812 1346 1710 3014 1733 2836 2420 398 2107 3138 1014 2500 614 3215 723 1163 674 1256
723 1903 2712 1168 2613 921 1982 0 1748 986 1701 2078 2720 2824 1673 1507 1723 1601 841 1928 1470 1339 1489 1553 1617 1369 2066 1052 2352 2302
1783 1408 1187 2878 1566 1900 389 1967 0 2175 1811 271 1873 1318 1840 2849 1769 2729 2381 415 2126 3021 1066 2461 783 3190 424 1416 699 1211
758 2724 2806 1359 3484 666 2173 1200 2101 0 968 2421 3440 3101 1116 914 830 609 1039 1880 693 1189 1230 601 2199 1417 2290 1228 2725 3038
1129 2537 2492 1852 2979 1271 1625 1512 1721 886 0 1857 3414 2826 348 1506 511 1369 1408 1565 574 1612 942 1100 1667 2194 1701 1038 2160 2687
1663 1727 864 2853 1637 2156 237 2013 595 2213 1649 0 1973 1258 1562 2900 1544 2822 2703 327 2074 2889 965 2769 966 3141 501 1357 815 1059
2681 1029 1546 3701 819 2991 1960 2802 1705 3637 3274 2031 0 1536 3516 3827 3211 3942 3481 2177 3284 3883 2739 4067 1470 3665 2110 2543 1529 1188
2567 1739 586 3736 964 2950 1055 2616 1040 3218 2627 1237 1384 0 2539 1536 1880 876 3738 3231 1342 1631 837 3393 970 1310 1261 3943 2812 3041
1213 2527 2581 2069 3074 1377 1652 1604 1691 1163 258 1523 3149 2832 0 1876 255 1431 1719 1629 560 1708 938 1455 1976 2546 1483 1478 2273 2590
1372 3059 3827 641 3964 1082 3017 1347 2759 964 1720 2775 3902 3749 1794 0 1817 693 695 2975 1550 84 2080 809 2493 1001 2927 1801 3504 3760
1088 2494 2293 1836 3222 1039 1645 1703 1665 846 353 1679 3182 2484 377 1737 0 1441 1548 1661 564 2003 655 1338 2006 2411 1745 1347 2413 2621
1558 2981 3427 1284 3735 1108 2755 1561 2630 710 1424 2546 3918 3578 1440 509 1479 0 899 2502 1188 617 1806 398 2418 1319 2811 1743 3361 3403
1010 2657 3384 755 3507 805 2577 813 2515 829 1421 2642 3308 3369 1515 662 1418 1020 0 2291 1239 802 1793 942 2042 825 2498 1600 3190 3291
1801 1672 979 2552 1918 2116 512 1999 674 2195 1337 454 2119 1427 1705 2681 1597 2471 2386 0 1772 2971 1163 2610 960 3239 473 1065 1036 1507
930 2724 2705 1790 3293 975 1812 1521 1915 818 572 1956 3395 2914 585 1268 578 979 1172 1976 0 1506 1272 848 1896 1917 1866 1484 2724 2714
1606 3107 3931 1038 3893 1060 2993 1288 2915 1073 1680 3028 3949 4022 1668 215 1997 672 912 2833 1376 0 2094 813 2880 1106 3170 1997 3558 3800
938 2257 2008 1936 2428 1237 1200 1310 1111 1166 897 1025 2604 2176 913 1889 684 1986 1964 997 1215 2324 0 1571 1386 2463 1252 1136 1740 2036
1593 3156 3328 1239 3778 915 2506 1451 2519 839 1351 2534 3915 3795 1170 703 1263 464 1004 2472 783 826 1842 0 2442 1427 2561 1665 3266 3504
1589 1184 1372 2305 1460 1774 616 1652 547 2251 1872 1065 1524 1336 2008 2597 1819 2717 2115 942 1882 2644 1158 2501 0 2813 981 1136 1057 1000
1611 2869 4005 760 4033 1355 3212 1462 3040 1635 2168 3075 3990 4088 2283 898 2575 1386 1145 3190 2218 1036 2468 1586 2581 0 3473 2098 3770 3689
1724 1950 1159 3033 1799 2215 731 2178 562 2149 1599 252 2360 1303 1811 3075 1742 2744 2418 260 1756 2899 1070 2673 967 3459 0 1563 944 1167
751 1667 1861 1570 2214 982 1192 706 1273 1435 1175 1229 2270 2203 1209 1696 1300 1585 1412 1259 1411 1962 801 1950 881 2016 1599 0 1735 1999
2302 1698 601 3298 1174 2729 874 2340 931 2769 2513 960 1450 547 2384 3512 2326 3408 2912 956 2668 3452 1712 3293 1377 3872 865 1910 0 655
2243 1551 673 3191 858 2819 1027 2576 931 3043 2611 1276 1004 717 2620 3616 2825 3640 3322 1311 2760 3497 1907 3538 1069 3724 1407 1854 647 0
